+--------------+---------------------+----------+----------+----------------------------------+----------------------------------------------------------------------------------------------------------------------------------+
|   Interation | Current Node(Y,X)   | Parent   | Action   | Frontier                         | Explored                                                                                                                         |
+==============+=====================+==========+==========+==================================+==================================================================================================================================+
|            1 | (7, 3)              |          |          | []                               | []                                                                                                                               |
+--------------+---------------------+----------+----------+----------------------------------+----------------------------------------------------------------------------------------------------------------------------------+
|            2 | (6, 3)              | (7, 3)   | up       | []                               | [(7, 3)]                                                                                                                         |
+--------------+---------------------+----------+----------+----------------------------------+----------------------------------------------------------------------------------------------------------------------------------+
|            3 | (5, 3)              | (6, 3)   | up       | []                               | [(6, 3), (7, 3)]                                                                                                                 |
+--------------+---------------------+----------+----------+----------------------------------+----------------------------------------------------------------------------------------------------------------------------------+
|            4 | (4, 3)              | (5, 3)   | up       | [(5, 2), (5, 4)]                 | [(5, 3), (6, 3), (7, 3)]                                                                                                         |
+--------------+---------------------+----------+----------+----------------------------------+----------------------------------------------------------------------------------------------------------------------------------+
|            5 | (5, 2)              | (5, 3)   | left     | [(5, 4), (3, 3)]                 | [(5, 3), (6, 3), (4, 3), (7, 3)]                                                                                                 |
+--------------+---------------------+----------+----------+----------------------------------+----------------------------------------------------------------------------------------------------------------------------------+
|            6 | (5, 4)              | (5, 3)   | right    | [(3, 3), (5, 1)]                 | [(4, 3), (7, 3), (5, 3), (6, 3), (5, 2)]                                                                                         |
+--------------+---------------------+----------+----------+----------------------------------+----------------------------------------------------------------------------------------------------------------------------------+
|            7 | (3, 3)              | (4, 3)   | up       | [(5, 1), (5, 5)]                 | [(4, 3), (5, 4), (7, 3), (5, 3), (6, 3), (5, 2)]                                                                                 |
+--------------+---------------------+----------+----------+----------------------------------+----------------------------------------------------------------------------------------------------------------------------------+
|            8 | (5, 1)              | (5, 2)   | left     | [(5, 5), (2, 3)]                 | [(4, 3), (5, 4), (7, 3), (3, 3), (5, 3), (6, 3), (5, 2)]                                                                         |
+--------------+---------------------+----------+----------+----------------------------------+----------------------------------------------------------------------------------------------------------------------------------+
|            9 | (5, 5)              | (5, 4)   | right    | [(2, 3), (4, 1)]                 | [(4, 3), (5, 4), (5, 1), (7, 3), (3, 3), (5, 3), (6, 3), (5, 2)]                                                                 |
+--------------+---------------------+----------+----------+----------------------------------+----------------------------------------------------------------------------------------------------------------------------------+
|           10 | (2, 3)              | (3, 3)   | up       | [(4, 1), (4, 5)]                 | [(5, 5), (4, 3), (5, 4), (5, 1), (7, 3), (3, 3), (5, 3), (6, 3), (5, 2)]                                                         |
+--------------+---------------------+----------+----------+----------------------------------+----------------------------------------------------------------------------------------------------------------------------------+
|           11 | (4, 1)              | (5, 1)   | up       | [(4, 5), (2, 2), (2, 4)]         | [(5, 5), (4, 3), (5, 4), (5, 1), (7, 3), (2, 3), (3, 3), (5, 3), (6, 3), (5, 2)]                                                 |
+--------------+---------------------+----------+----------+----------------------------------+----------------------------------------------------------------------------------------------------------------------------------+
|           12 | (4, 5)              | (5, 5)   | up       | [(2, 2), (2, 4), (3, 1)]         | [(5, 5), (4, 3), (5, 4), (5, 1), (7, 3), (2, 3), (3, 3), (5, 3), (6, 3), (4, 1), (5, 2)]                                         |
+--------------+---------------------+----------+----------+----------------------------------+----------------------------------------------------------------------------------------------------------------------------------+
|           13 | (2, 2)              | (2, 3)   | left     | [(2, 4), (3, 1), (3, 5)]         | [(5, 5), (4, 3), (5, 4), (5, 1), (7, 3), (2, 3), (4, 5), (3, 3), (5, 3), (6, 3), (4, 1), (5, 2)]                                 |
+--------------+---------------------+----------+----------+----------------------------------+----------------------------------------------------------------------------------------------------------------------------------+
|           14 | (2, 4)              | (2, 3)   | right    | [(3, 1), (3, 5), (2, 1)]         | [(5, 5), (4, 3), (5, 4), (5, 1), (7, 3), (2, 3), (4, 5), (3, 3), (2, 2), (5, 3), (6, 3), (4, 1), (5, 2)]                         |
+--------------+---------------------+----------+----------+----------------------------------+----------------------------------------------------------------------------------------------------------------------------------+
|           15 | (3, 1)              | (4, 1)   | up       | [(3, 5), (2, 1), (1, 4), (2, 5)] | [(2, 4), (5, 5), (4, 3), (5, 4), (5, 1), (7, 3), (2, 3), (4, 5), (3, 3), (2, 2), (5, 3), (6, 3), (4, 1), (5, 2)]                 |
+--------------+---------------------+----------+----------+----------------------------------+----------------------------------------------------------------------------------------------------------------------------------+
|           16 | (3, 5)              | (4, 5)   | up       | [(2, 1), (1, 4), (2, 5)]         | [(2, 4), (5, 5), (4, 3), (3, 1), (5, 4), (5, 1), (7, 3), (2, 3), (4, 5), (3, 3), (2, 2), (5, 3), (6, 3), (4, 1), (5, 2)]         |
+--------------+---------------------+----------+----------+----------------------------------+----------------------------------------------------------------------------------------------------------------------------------+
|           17 | (2, 1)              | (2, 2)   | left     | [(1, 4), (2, 5)]                 | [(2, 4), (5, 5), (4, 3), (3, 1), (5, 4), (5, 1), (7, 3), (2, 3), (4, 5), (3, 3), (2, 2), (5, 3), (6, 3), (4, 1), (3, 5), (5, 2)] |
+--------------+---------------------+----------+----------+----------------------------------+----------------------------------------------------------------------------------------------------------------------------------+